1.000000000000000021e-03
1.291794871794871846e-01
2.573589743589743684e-01
3.855384615384615521e-01
5.137179487179487358e-01
6.418974358974359751e-01
7.700769230769231033e-01
8.982564102564102315e-01
1.026435897435897360e+00
1.154615384615384599e+00
1.282794871794871838e+00
1.410974358974358855e+00
1.539153846153846095e+00
1.667333333333333334e+00
1.795512820512820351e+00
1.923692307692307590e+00
2.051871794871794830e+00
2.180051282051282069e+00
2.308230769230769308e+00
2.436410256410256547e+00
2.564589743589743787e+00
2.692769230769230582e+00
2.820948717948717821e+00
2.949128205128205060e+00
3.077307692307692299e+00
3.205487179487179539e+00
3.333666666666666778e+00
3.461846153846154017e+00
3.590025641025640812e+00
3.718205128205128052e+00
3.846384615384615291e+00
3.974564102564102530e+00
4.102743589743590213e+00
4.230923076923077453e+00
4.359102564102564692e+00
4.487282051282051931e+00
4.615461538461539170e+00
4.743641025641026410e+00
4.871820512820513649e+00
5.000000000000000000e+00
