-7.613075042008463512e-04
-2.955772871895418884e-03
2.018886697345496136e-03
-8.947731945634843434e-03
-1.922361445967949237e-02
-3.114487614374972235e-02
-4.733785970116666242e-02
-7.055919144515014618e-02
-1.039985677561999500e-01
-1.511272924839590359e-01
-2.150136439725657544e-01
-2.969926743326941621e-01
-3.946782343790813941e-01
-4.995837249877403408e-01
-5.950666353489297844e-01
-6.558353179946506684e-01
-6.506187021358266209e-01
-5.494125928860862373e-01
-3.355263739382146615e-01
-2.018579880932097614e-02
3.459801980700496493e-01
6.732339933733463289e-01
8.533547043250671038e-01
8.026680970103919899e-01
5.152277158960008041e-01
9.599976816842906158e-02
-2.640300762492803210e-01
-3.871710731571283426e-01
-2.391853911544592759e-01
1.867398049618142902e-02
1.507625619459648236e-01
7.709748531055675425e-02
-4.393190678600359528e-02
-4.264470043595371129e-02
1.928529467134728823e-02
1.109127766342374831e-02
-1.133048965854218174e-02
3.940433644509076447e-03
-3.424557448972310558e-04
-3.123169475632887751e-04
