7.948478915151842727e+01
3.960125489806268462e+01
3.550987385360997450e+01
2.738033315909660370e+00
7.565895349905547107e+01
2.523703618439986229e+01
3.613129904305578677e+00
3.450071246523864943e+01
1.738729257422434316e+01
6.817306740522391806e+01
9.723364718287193398e+01
8.384433595657448279e+01
3.247975881509466944e+01
6.739401983978649469e+01
8.741230118067876731e+01
5.849828935299489530e+01
7.559402951188931574e+00
2.493565817968696052e+01
2.388128297480981388e+01
7.728978437805180590e+01
2.791292242243859079e+00
7.883138825202415489e+01
1.213477500144055643e+00
6.611218716908182103e+01
9.235011795492830800e+01
8.542321984344606278e+01
7.609558122783029432e+01
7.852940867648660728e+00
1.999571424359679739e+01
4.894397104907085350e+01
3.005736313732755249e+01
5.920027859792810432e+01
3.485085647522411278e+01
8.143544207681652836e+01
2.932245197419680593e+01
8.635815394774255083e+01
8.690290294152754313e+01
5.858336079601807000e+01
2.764409773293862216e+01
9.086603425154160973e+00
4.682646595169798331e+01
4.049859133407570511e+01
1.974452519625571512e+01
2.877351289999238304e+01
3.315137794256510517e+01
4.006349517220198919e+01
4.950111325067507551e+01
3.866012932009995495e+01
5.471595819507967207e+01
5.967627307077228949e+01
8.005276732585708999e+01
9.066097348281286372e+01
5.400683812728684785e+01
4.891343741432459069e+01
7.688239343932507097e+01
1.348224485877150869e+01
5.420729458321019933e+01
3.735627804437360311e+01
1.654067122550326729e+01
3.454754448634697894e+01
3.756663357723821761e+00
6.042480028696868288e+01
7.952196024066053326e+01
2.779596957192433848e+01
8.247605455829088328e+01
8.285320951953063684e+01
7.794651559731977386e+01
1.643700661760331272e+01
9.950297092591500814e+01
2.543971563492996069e+01
6.889347038926135269e+01
1.749792750084332482e+01
2.299795018426228310e+01
6.457782781239041370e+00
3.565164199636938758e+00
9.744967285212581487e+01
7.701972260509643320e+01
1.326542429813588697e+01
5.603260211027175330e+01
9.252336221921389381e+01
8.405101382602703097e+01
7.913856716261531687e+01
1.405543793640529060e+01
3.525985766923640341e+01
4.408263452748874300e+01
3.320710511766775852e+01
4.938669804389307671e+01
5.703570318009882101e+01
3.880500539779900038e+01
6.405279354812107329e+01
7.327843947007180248e+01
2.872539425186126927e+00
6.874682002459073260e+01
4.852076583141560207e+01
8.797550393114131850e+01
5.944663413785165318e+01
1.603167957125361909e+01
2.969304168533958332e+01
9.962262621967084897e+01
8.537834465805599393e+01
