2.131657926302140638e+01
1.777721935059039993e+01
1.493217397072443831e+01
1.350266306922227777e+01
8.540155803259543177e+01
8.292692553914682208e+01
9.398460720016389303e+01
2.447352679684513532e+01
6.966946628574943645e+01
5.895470623755941375e+01
7.552539256265376366e+01
7.988247057836338172e+01
1.475923185346612243e+01
3.752034780957885118e+01
4.265676974662120813e+01
3.675774567256866021e+01
1.956435418027252027e+01
4.103544325399739989e+01
8.043427093828931618e+00
7.744648499784625528e+01
9.365215830061485747e+01
1.135884521782813827e+01
9.831627286422144607e+01
8.080553397575215513e+01
4.976506541128176053e+01
7.812976039931751870e+01
5.886025018951357879e+01
1.418985509476336659e+01
3.897614279720178843e+01
3.963120782680186949e+01
5.228523287683196230e+01
9.456910705635488057e+01
7.689521986952016164e+01
5.453216407706453595e+01
4.420551119470212598e+01
5.653928440792735444e+01
5.804737544251733539e+01
6.834991459313481243e+01
3.703966889747524505e+01
7.754548885995897933e+01
9.231859081883614238e+01
3.588584845824359348e+01
9.816912454858236003e+01
7.236313424238631775e+00
3.649812168415549962e+01
4.001450789994271418e+01
1.776171118889162059e+01
3.027585759998613213e+01
7.285089104167401075e+00
9.623198556584385699e+01
5.143451663572039934e+01
7.444343194743237291e+01
1.386821518840225842e+01
2.661309027848199804e+01
3.253935166014355929e+01
2.609651973402268510e+01
7.549743162252462980e+01
3.024539159531644827e+01
1.922911493756426893e+01
5.664301894141461702e+01
1.734055416906611669e+01
6.724318605014772743e+01
6.675756935030592842e+01
5.417457423845238651e+01
7.633044207048087060e+01
9.719044484927010785e+01
3.585942482851961444e+01
6.058229166222782425e+01
4.776518483732529319e+01
4.217775732053357984e+00
2.942960662119144999e+01
6.063364777634221525e+01
2.991972897205897652e+00
5.368135933689082862e+01
9.607330009665329840e+01
5.318787264562494954e+01
5.252346943009882807e+01
7.135180235681675143e+00
9.398715212797876362e+00
9.350906761470454853e+01
8.871609160498340430e+01
5.362623464976650922e+01
3.859496937160498931e+01
5.012989925918056144e+01
9.974220212644317485e+01
8.634569804646839941e+01
8.672770014853101372e+01
2.852320148946690281e+01
1.193831368516070413e+00
3.158679955365749237e+01
4.513428619335027747e+01
7.508518015691012693e+01
4.390121170020712782e+01
1.759723198648856268e+01
4.959523785735225232e+01
8.374922238272363018e+01
6.780805373497992150e+01
8.479003568674572477e+01
6.187677141328652652e+00
2.435945646325928493e+01
