5.152565459796396574e+00
2.950735013542467922e+00
3.807265523084442549e+00
2.031276697072367909e+00
4.294614367597467286e+00
2.959300775569535524e+00
2.319842963543528480e+00
3.972514687405565237e+00
1.656739761579952841e+00
3.112715429190121341e+00
3.864294472071615250e+00
5.234144412257898615e+00
4.155430632477392194e+00
3.160634816701947791e+00
4.575671298196811954e+00
4.765481173965838479e+00
2.912120562792941847e+00
2.872256265141262865e+00
2.571949776442910007e+00
4.715112312047651244e+00
2.050548276805947978e+00
5.044512102232471484e+00
1.365359505634556658e+00
3.312325689344520541e+00
3.630516920549481608e+00
4.997569062844956278e+00
4.411056139946952115e+00
2.911648276526944024e+00
1.754996062917711708e+00
3.333509966842588490e+00
4.052086072914171666e+00
4.685605640987600573e+00
3.919810945551917669e+00
5.332598123891639119e+00
3.949802393191742311e+00
4.811024795680414634e+00
4.691715896661305507e+00
4.757202484978416024e+00
3.611065590058276875e+00
2.851025881473229884e+00
2.846696960544991661e+00
2.789984756918239217e+00
1.727736364554558257e+00
3.853919878351242723e+00
4.119780056573278060e+00
2.864489263352057336e+00
3.481806329316128767e+00
3.143381936123670783e+00
4.693254659061969924e+00
4.617389207613250335e+00
5.228065544635491335e+00
3.868158339960064751e+00
4.584722976588525789e+00
3.325538076287925637e+00
4.614740933578779014e+00
2.153084123457398302e+00
4.618116013810402265e+00
3.428486730948027361e+00
1.709929438193243278e+00
3.965777655509037380e+00
2.361601754587934199e+00
4.490181839697281241e+00
5.158049209996747209e+00
3.646889351839265991e+00
5.333204267066993687e+00
5.316893736214064248e+00
4.866527009045341856e+00
1.719017668274063659e+00
4.379707266404618160e+00
3.017729644150661361e+00
3.100987774270754116e+00
1.652694003279798096e+00
2.335062161052881002e+00
2.861253900409751694e+00
2.305543016067093554e+00
3.905422892310472793e+00
4.649047212497570136e+00
2.193354428704483272e+00
4.818293589488188644e+00
3.614396733573758347e+00
5.210007878242742585e+00
5.097997759896255587e+00
2.049591414495097297e+00
3.851856328388310935e+00
2.532871614548363404e+00
4.115634574996316353e+00
3.450973622520504769e+00
4.841901038168224147e+00
3.112585466545859880e+00
3.700582128772162527e+00
3.679159325924352686e+00
2.079509019360382904e+00
3.100777222720498827e+00
3.224857466200400591e+00
4.444820020611722988e+00
4.651631617953706943e+00
1.759548583036827374e+00
4.005263338799964323e+00
4.410604756901170376e+00
5.005789839248656392e+00
