1.328717513375761383e+00
1.249863831148500859e+00
1.174123041131410083e+00
1.130419430880893472e+00
1.931465793859807878e+00
1.918695564500441542e+00
1.973056730669535686e+00
1.388696558564767036e+00
1.843042483563968492e+00
1.770518479684211277e+00
1.878092991308459414e+00
1.902451488121024825e+00
1.169063755150844930e+00
1.574266855588709380e+00
1.629987964701456127e+00
1.565348868546902583e+00
1.291465516403672797e+00
1.613159128918652652e+00
9.054411296957782795e-01
1.889001711563516706e+00
1.971517790544639270e+00
1.055334181637576085e+00
1.992625406237396479e+00
1.907441104497761497e+00
1.696924579243160203e+00
1.892816492459917788e+00
1.769822103765873011e+00
1.151977960512724719e+00
1.590798857747796058e+00
1.598037308380663601e+00
1.718379046693581547e+00
1.975749288345491461e+00
1.885899343067818590e+00
1.736652732751531758e+00
1.645476417137359482e+00
1.752350307520053274e+00
1.763782588301983534e+00
1.834737976230052636e+00
1.568667095811134615e+00
1.889556538188152501e+00
1.965289166649239361e+00
1.554923218824632469e+00
1.991974918065836153e+00
8.595173690597306404e-01
1.562270514779855679e+00
1.602217480291490137e+00
1.249484804015410289e+00
1.481096453901515897e+00
8.624348680087626784e-01
1.983319446735539282e+00
1.711254662836402263e+00
1.871826386509710227e+00
1.142020571837157661e+00
1.425095307207093764e+00
1.512408895459255831e+00
1.416582593120266242e+00
1.877932177441930639e+00
1.480659211808623699e+00
1.283959295336880357e+00
1.753146392186256897e+00
1.239062972535907248e+00
1.827648282566623372e+00
1.824500515590089300e+00
1.733795506856325774e+00
1.882697777620880419e+00
1.987623569934323653e+00
1.554603319364385783e+00
1.782345697478774582e+00
1.679111462677923328e+00
6.250834836725323029e-01
1.468784457023577961e+00
1.782713696578722695e+00
4.759576551525726007e-01
1.729823504646705423e+00
1.982602708877479136e+00
1.725812620199458580e+00
1.720353405623495702e+00
8.534049479304641750e-01
9.730684903946227315e-01
1.970853726638170489e+00
1.948002400681932311e+00
1.729377304174749552e+00
1.586530700616507916e+00
1.700096831857698776e+00
1.998878952420595434e+00
1.936240704830849868e+00
1.938157829890316153e+00
1.455198269818561485e+00
7.694298601021697104e-02
1.499505624430012896e+00
1.654506578406696127e+00
1.875554227134649032e+00
1.642476507200012259e+00
1.245444359431445713e+00
1.695439977466731918e+00
1.922980783273539496e+00
1.831281279190623001e+00
1.928344818052378118e+00
7.915276451376396238e-01
1.386667593581496494e+00
