-2.005399510519245254e+00
-6.122879410351349527e-01
5.317089517550126487e-01
1.010282281366293944e+00
1.529881738888859033e+00
4.442954838688461194e+00
4.727274841083925594e+00
6.038094047043632173e+00
6.546781027030455391e+00
6.735968484526802413e+00
6.847507496556364259e+00
7.946400820068872051e+00
8.444218991852890710e+00
9.808985455244366491e+00
1.038072831301334809e+01
1.094885971379918388e+01
1.153622387828198725e+01
1.413729229320059844e+01
1.466238970236455685e+01
1.519588683916251526e+01
1.523071527948074433e+01
1.551056617926957060e+01
1.934288380979604227e+01
