4.550945470391809522e-04
-3.364847371236190376e-01
-3.046166523846745022e-01
-1.321196395862718198e-01
4.745179916523589725e-02
7.365253726050249306e-01
7.644539177123403917e-01
7.913967828790666736e-01
7.584944026799513850e-01
7.405565965487341806e-01
7.286048274684793213e-01
5.624806243447424414e-01
4.636372859253319323e-01
1.523441523513673346e-01
3.423866409052449544e-01
5.656468475779736771e-01
7.863181090322139966e-01
1.505162427358276211e+00
1.580542308415020525e+00
1.630082474642474466e+00
1.632369740718809581e+00
1.646582880867186738e+00
1.256241547463653685e+00
